128
1 3.1994852263 1.8372255898 2.6108435679 -0.0000000000 0.1770359200 -0.0019075700
1 3.1994852263 1.8472256511 7.8239628379 -0.0000000000 -0.0005424300 -0.0005868700
1 1.5997417813 4.6180626869 2.6108435679 0.0169169900 -0.0149540400 0.0033507900
1 1.5997417813 4.6180626869 7.8239628379 -0.0004292500 -0.0000319400 -0.0019545800
1 6.3989721163 1.8472256511 2.6108435679 0.0036322500 0.0081829000 -0.0039291000
1 6.3989721163 1.8472256511 7.8239628379 -0.0004255400 -0.0000034100 0.0003288200
1 4.7992286713 4.6180626869 2.6108435679 -0.0169169900 -0.0149540400 0.0033507900
1 4.7992286713 4.6180626869 7.8239628379 0.0004292500 -0.0000319400 -0.0019545800
1 3.1994852263 7.3888998336 2.6108435679 -0.0000000000 -0.0055217400 -0.0005739100
1 3.1994852263 7.3888998336 7.8239628379 -0.0000000000 -0.0016635300 -0.0005786600
1 1.5997417813 10.1597368694 2.6108435679 -0.0089000600 -0.0151583600 -0.0011195700
1 1.5997417813 10.1597368694 7.8239628379 -0.0000738000 0.0000191900 0.0001317400
1 9.5984590063 1.8472256511 2.6108435679 -0.0000000000 0.0017959100 -0.0011677200
1 9.5984590063 1.8472256511 7.8239628379 -0.0000000000 0.0000248000 -0.0002654300
1 7.9987155613 4.6180626869 2.6108435679 -0.0009788500 -0.0014485600 -0.0000646100
1 7.9987155613 4.6180626869 7.8239628379 -0.0002538400 -0.0004413700 -0.0006526300
1 6.3989721163 7.3888998336 2.6108435679 -0.0015810300 -0.0022083500 -0.0001072500
1 6.3989721163 7.3888998336 7.8239628379 -0.0003732900 -0.0014118400 -0.0006665400
1 4.7992286713 10.1597368694 2.6108435679 0.0089000600 -0.0151583600 -0.0011195700
1 4.7992286713 10.1597368694 7.8239628379 0.0000738000 0.0000191900 0.0001317400
1 12.7979458963 1.8472256511 2.6108435679 -0.0036322500 0.0081829000 -0.0039291000
1 12.7979458963 1.8472256511 7.8239628379 0.0004255400 -0.0000034100 0.0003288200
1 11.1982024513 4.6180626869 2.6108435679 0.0009788500 -0.0014485600 -0.0000646100
1 11.1982024513 4.6180626869 7.8239628379 0.0002538400 -0.0004413700 -0.0006526300
1 9.5984590063 7.3888998336 2.6108435679 -0.0000000000 -0.0012755500 -0.0005438700
1 9.5984590063 7.3888998336 7.8239628379 -0.0000000000 -0.0010206000 -0.0005110400
1 7.9987155613 10.1597368694 2.6108435679 0.0004345900 -0.0014472100 -0.0008870700
1 7.9987155613 10.1597368694 7.8239628379 0.0000932000 -0.0004716600 -0.0003267500
1 12.7979458963 7.3888998336 2.6108435679 0.0015810300 -0.0022083500 -0.0001072500
1 12.7979458963 7.3888998336 7.8239628379 0.0003732900 -0.0014118400 -0.0006665400
1 11.1982024513 10.1597368694 2.6108435679 -0.0004345900 -0.0014472100 -0.0008870700
1 11.1982024513 10.1597368694 7.8239628379 -0.0000932000 -0.0004716600 -0.0003267500
1 1.5997449808 0.9236113847 0.0042839329 -0.0003538600 0.0018057300 -0.0064482900
1 1.5997449808 0.9236113847 5.2174032029 -0.0002518400 0.0019267200 0.0096039800
1 0.0000015358 3.6944485314 0.0042839329 0.0019567400 0.0027235800 0.0000709900
1 0.0000015358 3.6944485314 5.2174032029 0.0019051000 0.0027498300 -0.0017017200
1 4.7992318708 0.9236113847 0.0042839329 0.0003538600 0.0018057300 -0.0064482900
1 4.7992318708 0.9236113847 5.2174032029 0.0002518400 0.0019267200 0.0096039800
1 3.1994884258 3.6944485314 0.0042839329 -0.0000000000 0.0013374300 0.0114682800
1 3.1994884258 3.6944485314 5.2174032029 -0.0000000000 0.0012434300 -0.0207084800
1 1.5997449808 6.4652855672 0.0042839329 -0.0000705200 -0.0019904400 -0.0001703000
1 1.5997449808 6.4652855672 5.2174032029 0.0004794100 -0.0019082800 -0.0018685800
1 0.0000015358 9.2361227139 0.0042839329 -0.0011497400 -0.0008297000 -0.0006835100
1 0.0000015358 9.2361227139 5.2174032029 -0.0005801800 -0.0009936300 -0.0000534900
1 7.9987187608 0.9236113847 0.0042839329 0.0001060900 0.0004158400 -0.0007766800
1 7.9987187608 0.9236113847 5.2174032029 0.0007363900 0.0004293100 0.0006032800
1 6.3989753158 3.6944485314 0.0042839329 -0.0019567400 0.0027235800 0.0000709900
1 6.3989753158 3.6944485314 5.2174032029 -0.0019051000 0.0027498300 -0.0017017200
1 4.7992318708 6.4652855672 0.0042839329 0.0000705200 -0.0019904400 -0.0001703000
1 4.7992318708 6.4652855672 5.2174032029 -0.0004794100 -0.0019082800 -0.0018685800
1 3.1994884258 9.2361227139 0.0042839329 -0.0000000000 -0.0015062300 -0.0014037400
1 3.1994884258 9.2361227139 5.2174032029 -0.0000000000 -0.0016553800 0.0015527400
1 11.1982056508 0.9236113847 0.0042839329 -0.0001060900 0.0004158400 -0.0007766800
1 11.1982056508 0.9236113847 5.2174032029 -0.0007363900 0.0004293100 0.0006032800
1 9.5984622058 3.6944485314 0.0042839329 -0.0000000000 0.0014259400 -0.0005067600
1 9.5984622058 3.6944485314 5.2174032029 -0.0000000000 0.0013806200 -0.0006689200
1 7.9987187608 6.4652855672 0.0042839329 -0.0002172600 0.0001387300 -0.0005810500
1 7.9987187608 6.4652855672 5.2174032029 -0.0003014700 0.0001870800 -0.0005069100
1 6.3989753158 9.2361227139 0.0042839329 0.0011497400 -0.0008297000 -0.0006835100
1 6.3989753158 9.2361227139 5.2174032029 0.0005801800 -0.0009936300 -0.0000534900
1 11.1982056508 6.4652855672 0.0042839329 0.0002172600 0.0001387300 -0.0005810500
1 11.1982056508 6.4652855672 5.2174032029 0.0003014700 0.0001870800 -0.0005069100
1 9.5984622058 9.2361227139 0.0042839329 -0.0000000000 -0.0000966700 -0.0006250300
1 9.5984622058 9.2361227139 5.2174032029 -0.0000000000 -0.0001587900 -0.0002958300
2 3.1994852263 1.8472256511 0.6473560801 -0.0000000000 -0.0158044000 0.0008249200
2 3.1994852263 1.8472256511 5.8604753501 -0.0000000000 -0.0042776800 0.0004146300
2 1.5997417813 4.6180626869 0.6473560801 -0.0024580300 0.0015508200 -0.0035108700
2 1.5997417813 4.6180626869 5.8604753501 -0.0025025600 0.0009851000 0.0051340500
2 6.3989721163 1.8472256511 0.6473560801 -0.0004872100 -0.0017788500 0.0021253500
2 6.3989721163 1.8472256511 5.8604753501 -0.0009024200 -0.0018112800 -0.0021182200
2 4.7992286713 4.6180626869 0.6473560801 0.0024580300 0.0015508200 -0.0035108700
2 4.7992286713 4.6180626869 5.8604753501 0.0025025600 0.0009851000 0.0051340500
2 3.1994852263 7.3888998336 0.6473560801 -0.0000000000 0.0023493600 0.0003938400
2 3.1994852263 7.3888998336 5.8604753501 -0.0000000000 0.0019707500 0.0003398200
2 1.5997417813 10.1597368694 0.6473560801 0.0009278700 0.0015251000 0.0029846200
2 1.5997417813 10.1597368694 5.8604753501 0.0001409600 0.0011104800 -0.0013716800
2 9.5984590063 1.8472256511 0.6473560801 -0.0000000000 -0.0003968000 0.0008026000
2 9.5984590063 1.8472256511 5.8604753501 -0.0000000000 -0.0003213600 0.0002107100
2 7.9987155613 4.6180626869 0.6473560801 0.0006141800 0.0000224000 0.0002692100
2 7.9987155613 4.6180626869 5.8604753501 0.0006480600 -0.0000454600 0.0007848300
2 6.3989721163 7.3888998336 0.6473560801 0.0003537600 0.0014463000 0.0003605000
2 6.3989721163 7.3888998336 5.8604753501 0.0004133800 0.0012522400 0.0005837100
2 4.7992286713 10.1597368694 0.6473560801 -0.0009278700 0.0015251000 0.0029846200
2 4.7992286713 10.1597368694 5.8604753501 -0.0001409600 0.0011104800 -0.0013716800
2 12.7979458963 1.8472256511 0.6473560801 0.0004872100 -0.0017788500 0.0021253500
2 12.7979458963 1.8472256511 5.8604753501 0.0009024200 -0.0018112800 -0.0021182200
2 11.1982024513 4.6180626869 0.6473560801 -0.0006141800 0.0000224000 0.0002692100
2 11.1982024513 4.6180626869 5.8604753501 -0.0006480600 -0.0000454600 0.0007848300
2 9.5984590063 7.3888998336 0.6473560801 -0.0000000000 0.0006090100 0.0005045600
2 9.5984590063 7.3888998336 5.8604753501 -0.0000000000 0.0005497800 0.0004792400
2 7.9987155613 10.1597368694 0.6473560801 -0.0002834200 0.0005050800 0.0007210300
2 7.9987155613 10.1597368694 5.8604753501 -0.0002431100 0.0005896800 0.0003042200
2 12.7979458963 7.3888998336 0.6473560801 -0.0003537600 0.0014463000 0.0003605000
2 12.7979458963 7.3888998336 5.8604753501 -0.0004133800 0.0012522400 0.0005837100
2 11.1982024513 10.1597368694 0.6473560801 0.0002834200 0.0005050800 0.0007210300
2 11.1982024513 10.1597368694 5.8604753501 0.0002431100 0.0005896800 0.0003042200
2 1.5997449808 0.9236113847 3.2539157151 -0.0248492200 -0.0288720300 0.0107092000
2 1.5997449808 0.9236113847 8.4670349851 -0.0009615500 -0.0006894000 0.0000508100
2 0.0000015358 3.6944485314 3.2539157151 -0.0039153900 -0.0025702000 0.0005950900
2 0.0000015358 3.6944485314 8.4670349851 -0.0006620500 -0.0013552200 0.0003306900
2 4.7992318708 0.9236113847 3.2539157151 0.0248492200 -0.0288720300 0.0107092000
2 4.7992318708 0.9236113847 8.4670349851 0.0009615500 -0.0006894000 0.0000508100
2 3.1994884258 3.6944485314 3.2539157151 -0.0000000000 -0.0687246100 -0.0187805000
2 3.1994884258 3.6944485314 8.4670349851 -0.0000000000 -0.0020661900 0.0012986800
2 1.5997449808 6.4652855672 3.2539157151 -0.0025490600 0.0053241900 0.0004997400
2 1.5997449808 6.4652855672 8.4670349851 -0.0000302900 0.0007232200 0.0005782100
2 0.0000015358 9.2361227139 3.2539157151 0.0007003400 0.0020145400 0.0002051000
2 0.0000015358 9.2361227139 8.4670349851 0.0002674200 0.0004442200 0.0006975200
2 7.9987187608 0.9236113847 3.2539157151 -0.0027824200 -0.0009885900 0.0008630600
2 7.9987187608 0.9236113847 8.4670349851 0.0000528900 -0.0001686700 0.0003894300
2 6.3989753158 3.6944485314 3.2539157151 0.0039153900 -0.0025702000 0.0005950900
2 6.3989753158 3.6944485314 8.4670349851 0.0006620500 -0.0013552200 0.0003306900
2 4.7992318708 6.4652855672 3.2539157151 0.0025490600 0.0053241900 0.0004997400
2 4.7992318708 6.4652855672 8.4670349851 0.0000302900 0.0007232200 0.0005782100
2 3.1994884258 9.2361227139 3.2539157151 -0.0000000000 0.0055058700 0.0003706200
2 3.1994884258 9.2361227139 8.4670349851 -0.0000000000 0.0006338800 0.0008001800
2 11.1982056508 0.9236113847 3.2539157151 0.0027824200 -0.0009885900 0.0008630600
2 11.1982056508 0.9236113847 8.4670349851 -0.0000528900 -0.0001686700 0.0003894300
2 9.5984622058 3.6944485314 3.2539157151 -0.0000000000 -0.0008299200 0.0005050400
2 9.5984622058 3.6944485314 8.4670349851 -0.0000000000 -0.0007991000 0.0005080200
2 7.9987187608 6.4652855672 3.2539157151 0.0004224300 0.0004034100 0.0004322600
2 7.9987187608 6.4652855672 8.4670349851 0.0001712800 0.0001502900 0.0006262200
2 6.3989753158 9.2361227139 3.2539157151 -0.0007003400 0.0020145400 0.0002051000
2 6.3989753158 9.2361227139 8.4670349851 -0.0002674200 0.0004442200 0.0006975200
2 11.1982056508 6.4652855672 3.2539157151 -0.0004224300 0.0004034100 0.0004322600
2 11.1982056508 6.4652855672 8.4670349851 -0.0001712800 0.0001502900 0.0006262200
2 9.5984622058 9.2361227139 3.2539157151 -0.0000000000 0.0004954900 0.0004508700
2 9.5984622058 9.2361227139 8.4670349851 -0.0000000000 0.0002078900 0.0005295500
-778.0399368100
12.7979475600 11.0833477000 10.4262385400 0.0000000000 0.0000000000 0.0000000000
